inherited IntroFunList: TIntroFunList
  Left = 54
  Top = 241
  Caption = 'IntroFunList'
  Left = 54
  Top = 241
  DesignerMasterStyle = 0
  inherited RichEdit1: TMemo
    TextSettings.Font.StyleExt = {00070000000000000004000000}
    Viewport.Width = 688.000000000000000000
    Viewport.Height = 446.000000000000000000
  end
end
